32050969630124584
25498157863133628
17820442167525036
6199887025543839
-3960391450524889
-10901360046471996
-21742854284172304
-32368343784022176
-38478334254448810
-37462514252443976
-32132683279068644
-18108038781554204
1951275530597274
25090371984619988
50289834047285460
72507163767754080
50289834047285460
25090371984619988
1951275530597274
-18108038781554204
-32132683279068644
-37462514252443976
-38478334254448810
-32368343784022176
-21742854284172304
-10901360046471996
-3960391450524889
6199887025543839
17820442167525036
25498157863133628
32050969630124584
